10 10
0.822055800700754 -0.957115625317938 1.0019822080079441 1.6182837184306116 1.0999204324240792 0.8414696229005282 -0.531652339660085 -0.9402831038172917 -0.7850831055166613 0.1390011352153981
-0.2269813459030482 0.16014681178504273 0.019200602539420106 0.35381032806382445 -1.962734244965085 0.7841292961084849 -0.8003357002167837 -0.6343963030429861 -0.7597527994616198 0.696862285829794
0.05121455883484244 0.37843017654538497 -1.9896890656911763 0.3855211790004444 0.5946936654826186 -0.6592649652903385 -0.6610118138588954 -0.9190390595142581 0.8728972542717868 -0.2117593093914163
-0.4226697369495441 -2.044048196134347 1.0529369779152908 -1.0993390461122656 1.180564382254628 -0.12515328800419886 -0.3054946909179337 -0.11757272584414707 0.7261541501781194 0.005468590485276518
-1.7590255822704677 1.0415181360556427 0.28100573613137064 0.09529769120998288 0.303845600553978 0.436136548353439 0.7116990092391798 0.5591488645415498 0.109353347399757 -1.5853874003436819
0.8363921334060493 -0.05169683783777035 -1.2984144161888258 -0.4411980448955252 1.7137215119419433 1.7551916955330285 -0.48339052548813943 0.6791188389434946 -0.565347675075633 0.9682946301455339
-0.042835062556054224 0.2849711009741561 -0.17266528463765238 1.0855545139176632 -0.32632683729262096 -2.2737292425474105 -1.407736085632618 -0.2834294435518774 -0.0009024319839796265 -0.18580151182736532
-2.0873659248811602 0.863611736453842 1.0025064634040257 -0.6098421515189477 -1.4183065932453482 -1.0994909170220706 -0.15499798998672093 -0.8300049086169518 0.14806660376067912 0.4097066570358754
0.9084910406147023 0.5634612556684948 -0.12204529140112028 1.7114923488286002 0.9638545300054938 -0.23446663694425068 1.1992478313676382 -2.779698591260594 0.17042913037289006 0.5101983154990347
-0.29860235861906176 0.5210628666049772 0.36846245108233777 0.33637974717934915 -1.838410575271019 0.7444418069957547 -0.6824467368247744 0.852787686076768 -1.0613574299248518 -0.07591444948629907
0.0 0.5322423496333218 0.7631358684093618 0.05647053792663477 0.0 0.0 1.4400198298855802 0.6362405968585814 0.0 0.391296474519845